
[general]
num_version_config             = 1
num_version_mb                 = 33
num_version_soft               = 2.3.3
drone_serial                   = PS721000AE2F062600
soft_build_date                = 2012-11-26 12:16
motor1_soft                    = 1.43
motor1_hard                    = 6.0
motor1_supplier                = 1.1
motor2_soft                    = 1.43
motor2_hard                    = 6.0
motor2_supplier                = 1.1
motor3_soft                    = 1.43
motor3_hard                    = 6.0
motor3_supplier                = 1.1
motor4_soft                    = 1.43
motor4_hard                    = 6.0
motor4_supplier                = 1.1
ardrone_name                   = My ARDrone
flying_time                    = 15370
navdata_demo                   = FALSE
com_watchdog                   = 2
video_enable                   = TRUE
vision_enable                  = TRUE
vbat_min                       = 9000

[control]
accs_offset                    = { -4.0377603e+03 3.7201042e+03 4.2487236e+03 }
accs_gains                     = {  1.9395968e+00 5.5993535e-02 -6.0002091e-03  4.8702307e-02 -1.9023269e+00 -2.3045432e-02  -2.0526858e-02 2.8312409e-03 -2.0174105e+00 }
gyros_offset                   = { 3.3712499e+00 1.6803749e+01 -4.5837498e+00 }
gyros_gains                    = { 1.0666715e-03 -1.0656869e-03 -1.0761911e-03 }
gyros110_offset                = { 1.6625000e+03 1.6625000e+03 }
gyros110_gains                 = { 1.5271631e-03 -1.5271631e-03 }
magneto_offset                 = { 3.3727014e+02 -3.7905716e+01 -2.7253653e+02 }
magneto_radius                 = 1.9584647e+02
gyro_offset_thr_x              = 4.0000000e+00
gyro_offset_thr_y              = 4.0000000e+00
gyro_offset_thr_z              = 5.0000000e-01
pwm_ref_gyros                  = 500
osctun_value                   = 0
osctun_test                    = TRUE
altitude_max                   = 3000
altitude_min                   = 50
outdoor                        = FALSE
flight_without_shell           = FALSE
autonomous_flight              = FALSE
control_level                  = 0
euler_angle_max                = 2.0943952e-01
control_iphone_tilt            = 3.4906584e-01
control_vz_max                 = 7.0000000e+02
control_yaw                    = 1.7453293e+00
manual_trim                    = FALSE
indoor_euler_angle_max         = 2.0943952e-01
indoor_control_vz_max          = 7.0000000e+02
indoor_control_yaw             = 1.7453293e+00
outdoor_euler_angle_max        = 3.4906584e-01
outdoor_control_vz_max         = 1.0000000e+03
outdoor_control_yaw            = 3.4906585e+00
travelling_mode                = 0,10,1500,0,1000

[network]
ssid_single_player             = jimsdrone
ssid_multi_player              = ardrone2_062600
wifi_mode                      = 0
owner_mac                      = 00:00:00:00:00:00

[pic]
ultrasound_freq                = 8
ultrasound_watchdog            = 3
pic_version                    = 184877090

[video]
camif_fps                      = 30
camif_buffers                  = 2
num_trackers                   = 12
video_on_usb                   = TRUE
video_file_index               = 2
codec_fps                      = 30

[leds]

[detect]
enemy_colors                   = 2
enemy_without_shell            = 0
groundstripe_colors            = 16
detect_type                    = 13
detections_select_h            = 32
detections_select_v_hsync      = 0
detections_select_v            = 0

[syslog]
output                         = 7
max_size                       = 102400
nb_files                       = 5

[custom]
application_desc               = Default application configuration
profile_desc                   = Default profile configuration
session_desc                   = Default session configuration

[userbox]

[gps]
latitude                       = 5.0000000000000000e+02
longitude                      = 5.0000000000000000e+02
altitude                       = 0.0000000000000000e+00

